filename,Tree cover,Grassland,Cropland,Built-up,Bare / sparse vegetation,Permanent water bodies,Herbaceous wetland,Shrubland
23.9315_90.4482.png,56.5,0.37,8.91,33.8,0.37,0.05,0.0,0.0
24.0815_90.4158.png,82.38,0.02,17.59,0.0,0.02,0.0,0.0,0.0
23.6903_90.4158.png,6.29,13.58,4.1,57.06,3.54,15.43,0.0,0.0
23.8903_90.3894.png,7.79,4.88,15.74,65.54,1.28,4.76,0.0,0.0
23.9991_90.0982.png,47.99,0.36,51.16,0.12,0.0,0.37,0.0,0.0
24.0315_90.2570.png,40.87,0.76,4.53,51.38,1.36,1.08,0.02,0.0
23.8991_90.1693.png,24.42,0.05,75.41,0.12,0.0,0.0,0.01,0.0
23.9903_90.3071.png,43.45,0.78,9.03,46.49,0.26,0.0,0.0,0.0
23.9693_90.3806.png,18.24,0.79,4.52,75.04,0.7,0.69,0.01,0.0
23.7815_90.1658.png,51.38,0.0,47.95,0.67,0.0,0.0,0.0,0.0
23.8491_90.0659.png,51.9,0.44,46.72,0.87,0.0,0.07,0.0,0.0
23.8315_90.3982.png,40.78,6.64,10.68,35.76,1.86,1.8,2.48,0.0
23.7079_89.9158.png,0.0,0.0,0.0,0.0,0.0,100.0,0.0,0.0
24.1403_90.1306.png,64.12,0.52,34.44,0.17,0.0,0.28,0.47,0.0
24.1315_89.9395.png,37.97,0.31,60.88,0.1,0.05,0.7,0.0,0.0
23.8579_90.0482.png,33.99,0.63,65.04,0.34,0.0,0.0,0.0,0.0
24.0726_89.9158.png,26.66,0.07,73.15,0.12,0.0,0.0,0.0,0.0
23.9693_90.4070.png,54.76,0.1,39.9,5.21,0.02,0.0,0.0,0.0
23.8903_90.1070.png,22.43,5.1,71.67,0.19,0.6,0.0,0.01,0.0
24.1403_90.1693.png,60.75,3.61,33.56,0.44,1.47,0.17,0.0,0.0
24.1727_89.9806.png,42.87,0.01,56.61,0.5,0.0,0.02,0.0,0.0
23.7315_89.9894.png,2.41,2.2,83.37,0.0,0.59,11.43,0.01,0.0
23.8226_90.3482.png,52.97,1.89,2.93,34.27,3.21,4.73,0.0,0.0
23.7079_90.0982.png,22.82,3.08,73.24,0.02,0.37,0.26,0.2,0.0
23.7315_90.1983.png,26.37,0.49,71.06,0.41,0.0,1.25,0.41,0.0
23.9403_89.9659.png,8.25,4.15,80.63,0.1,0.97,5.89,0.0,0.0
23.7903_90.1570.png,55.55,0.0,43.75,0.7,0.0,0.0,0.0,0.0
23.8727_90.3692.png,19.28,11.22,9.86,48.12,8.8,0.99,1.73,0.01
23.8193_90.4306.png,7.42,1.26,2.39,88.32,0.61,0.0,0.0,0.0
23.9193_89.9894.png,41.97,1.17,56.18,0.27,0.41,0.01,0.0,0.0
23.9193_90.0192.png,33.21,0.02,66.61,0.17,0.0,0.0,0.0,0.0
24.0403_89.9806.png,34.92,0.14,64.87,0.07,0.0,0.0,0.0,0.0
24.0693_90.1192.png,46.59,2.82,42.01,5.28,0.56,2.74,0.0,0.0
23.9579_90.2982.png,51.34,0.71,32.78,15.13,0.04,0.0,0.0,0.0
23.7491_90.0982.png,46.19,0.51,49.62,0.49,0.01,3.18,0.0,0.0
24.1079_89.9483.png,38.87,0.03,61.08,0.01,0.0,0.0,0.02,0.0
23.8491_90.4070.png,10.1,2.49,7.06,64.98,14.47,0.9,0.0,0.0
23.8491_90.0482.png,23.83,1.06,74.95,0.15,0.0,0.01,0.0,0.0
24.0991_90.1658.png,36.19,0.76,16.95,43.47,1.99,0.59,0.06,0.0
23.8727_90.0571.png,32.55,1.0,66.38,0.07,0.01,0.0,0.0,0.0
23.8193_89.9692.png,42.22,0.11,57.36,0.31,0.0,0.0,0.0,0.0
24.1193_90.3306.png,73.05,0.49,14.69,1.13,2.61,4.07,3.96,0.0
24.1727_90.0571.png,16.65,1.22,76.9,0.26,0.62,4.35,0.0,0.0
23.6727_90.0571.png,17.44,0.08,82.4,0.07,0.0,0.0,0.02,0.0
23.9315_89.9395.png,9.6,0.0,89.66,0.44,0.0,0.03,0.27,0.0
23.7815_90.1983.png,12.95,0.16,86.77,0.12,0.0,0.0,0.01,0.0
24.0991_90.4692.png,59.71,1.01,23.24,15.13,0.73,0.0,0.18,0.0
23.9079_90.3071.png,38.53,1.97,9.87,48.94,0.6,0.08,0.0,0.0
23.7227_89.9982.png,4.54,1.58,87.33,0.0,0.0,5.94,0.62,0.0
23.7903_89.9192.png,22.84,0.04,77.03,0.08,0.0,0.0,0.0,0.0
23.6815_90.3982.png,7.29,43.01,29.86,19.0,0.84,0.0,0.0,0.0
24.0079_90.0482.png,20.1,0.0,78.1,0.12,0.0,0.0,1.68,0.0
24.0227_90.3692.png,52.63,1.33,43.36,2.29,0.21,0.02,0.16,0.0
23.7193_89.9982.png,4.32,1.6,78.32,0.0,0.0,15.16,0.6,0.0
23.6991_89.9395.png,0.0,0.05,0.64,0.0,0.0,99.31,0.0,0.0
23.8991_90.2692.png,50.16,4.61,22.42,21.14,1.41,0.03,0.23,0.0
23.8693_90.3658.png,15.37,30.33,15.53,27.64,7.78,3.33,0.01,0.01
23.8079_90.0894.png,43.48,0.02,56.18,0.32,0.01,0.0,0.0,0.0
24.1491_89.9192.png,50.76,0.0,48.67,0.51,0.0,0.06,0.0,0.0
23.9491_90.1895.png,15.85,1.94,80.93,0.92,0.32,0.0,0.04,0.0
23.7193_90.2159.png,39.19,0.56,49.75,0.04,0.01,10.44,0.02,0.0
23.7693_89.8806.png,45.16,0.07,54.39,0.37,0.01,0.0,0.0,0.0
24.0726_90.0192.png,29.14,0.0,70.32,0.32,0.0,0.0,0.22,0.0
23.9991_90.2894.png,72.95,0.04,22.38,4.46,0.02,0.15,0.0,0.0
23.8991_90.2894.png,31.0,1.52,47.83,19.2,0.44,0.0,0.0,0.0
23.7193_89.9483.png,0.0,0.0,0.0,0.0,0.0,100.0,0.0,0.0
23.8315_90.0158.png,39.19,0.76,57.88,1.09,0.33,0.04,0.71,0.0
24.1903_90.0192.png,32.16,0.0,67.22,0.43,0.0,0.0,0.18,0.0
24.1193_90.2570.png,80.63,0.4,18.39,0.29,0.01,0.02,0.26,0.0
23.8579_89.9070.png,2.68,2.95,87.36,2.38,3.86,0.75,0.04,0.0
24.1693_90.2982.png,84.29,0.58,13.28,0.1,1.18,0.57,0.0,0.0
23.9903_90.2482.png,39.32,4.44,6.3,49.35,0.57,0.03,0.0,0.0
23.9227_90.1158.png,36.17,5.43,51.03,4.46,1.86,0.02,1.04,0.0
24.0227_90.3982.png,73.63,0.13,21.74,4.25,0.24,0.0,0.0,0.0
24.1491_89.9692.png,29.09,0.0,70.64,0.27,0.0,0.0,0.0,0.0
23.8815_89.8806.png,21.58,0.79,77.55,0.07,0.0,0.01,0.01,0.0
23.9079_89.9307.png,32.12,0.2,66.2,0.15,0.07,1.23,0.03,0.0
24.0579_90.3306.png,67.75,0.31,26.07,1.1,0.02,4.74,0.0,0.0
24.1815_90.4658.png,51.35,0.46,46.74,1.43,0.0,0.02,0.0,0.0
23.7491_90.2982.png,23.96,2.31,72.35,1.08,0.18,0.0,0.11,0.0
23.7815_90.4692.png,11.24,4.34,48.67,2.38,12.2,9.41,11.77,0.0
23.9693_90.3894.png,31.36,0.71,11.43,56.15,0.32,0.04,0.0,0.0
24.1727_89.9395.png,25.15,0.0,74.67,0.16,0.0,0.0,0.02,0.0
23.9727_90.4192.png,57.39,0.07,39.08,3.43,0.02,0.0,0.0,0.0
24.1693_90.4070.png,63.43,2.61,32.21,1.49,0.27,0.0,0.0,0.0
23.9079_90.2806.png,34.09,7.34,37.29,20.11,1.18,0.0,0.0,0.0
24.1693_89.9158.png,41.26,0.57,55.14,0.57,0.09,2.37,0.0,0.0
23.9903_89.9659.png,18.54,0.0,81.33,0.12,0.0,0.0,0.0,0.0
24.1579_90.4658.png,64.86,0.36,34.61,0.0,0.17,0.0,0.0,0.0
23.8815_90.4658.png,48.52,1.07,42.18,1.82,0.26,5.94,0.2,0.0
23.9491_90.3982.png,41.97,2.08,39.22,16.3,0.39,0.04,0.01,0.0
23.8903_89.9307.png,14.1,1.47,80.87,0.09,0.06,3.41,0.0,0.0
23.9727_89.8806.png,22.47,0.0,76.49,0.43,0.0,0.24,0.36,0.0
23.9727_90.1158.png,65.0,0.58,33.64,0.73,0.0,0.01,0.04,0.0
23.8693_90.0482.png,40.38,0.66,58.89,0.06,0.0,0.0,0.01,0.0
23.9815_89.8894.png,16.95,0.05,82.63,0.35,0.0,0.01,0.0,0.0
24.0315_90.1895.png,35.52,0.66,58.03,1.17,0.07,1.48,3.07,0.0
24.0193_90.0659.png,62.44,0.31,37.13,0.12,0.0,0.0,0.0,0.0
24.0227_90.1983.png,32.89,3.96,57.27,1.91,1.55,2.38,0.04,0.0
23.6727_90.4482.png,10.02,2.33,3.95,49.56,5.43,28.71,0.0,0.0
23.6903_90.0894.png,41.3,0.21,58.42,0.03,0.01,0.0,0.03,0.0
23.9403_90.4070.png,51.34,0.17,43.46,4.98,0.02,0.0,0.03,0.0
23.9193_90.0806.png,31.76,12.12,44.69,5.33,5.54,0.24,0.31,0.0
24.0579_90.2394.png,88.52,0.6,6.39,2.93,0.11,1.45,0.0,0.0
23.6991_90.1158.png,82.14,0.45,16.72,0.69,0.0,0.0,0.0,0.0
23.7491_90.1693.png,23.58,0.0,76.01,0.41,0.0,0.0,0.0,0.0
24.0491_90.3658.png,63.38,0.13,34.55,1.87,0.07,0.0,0.0,0.0
23.9079_90.0306.png,30.85,1.74,66.05,0.45,0.71,0.06,0.13,0.0
23.8815_89.9982.png,45.47,1.22,49.48,0.84,2.81,0.0,0.18,0.0
24.1991_90.0894.png,11.92,0.07,85.21,1.46,0.0,0.0,1.33,0.0
23.6815_90.1570.png,30.91,0.05,68.78,0.2,0.0,0.0,0.06,0.0
23.8991_90.0659.png,45.48,1.77,51.92,0.76,0.01,0.01,0.06,0.0
24.0315_89.9894.png,28.39,1.36,69.05,0.02,0.52,0.67,0.0,0.0
23.6693_89.8806.png,0.06,1.39,91.23,0.0,1.07,6.25,0.01,0.0
23.7693_90.1807.png,54.66,0.0,44.78,0.56,0.0,0.0,0.0,0.0
23.8079_89.9483.png,32.09,0.0,66.99,0.01,0.0,0.0,0.91,0.0
24.1693_89.9395.png,28.79,0.0,70.9,0.29,0.0,0.0,0.02,0.0
24.0815_89.9158.png,12.39,2.71,71.65,0.06,4.59,8.6,0.0,0.0
23.8903_90.2394.png,48.41,0.82,48.39,1.96,0.08,0.02,0.32,0.0
24.1815_89.9659.png,3.65,0.0,96.28,0.02,0.0,0.0,0.05,0.0
23.9079_89.9070.png,37.72,0.26,61.49,0.53,0.0,0.0,0.0,0.0
24.1727_90.4482.png,81.84,0.45,16.75,0.55,0.4,0.0,0.0,0.0
23.8491_90.2306.png,23.42,3.19,72.64,0.73,0.02,0.0,0.0,0.0
23.7579_89.8982.png,23.83,0.0,72.87,0.12,0.0,0.0,3.18,0.0
24.2079_90.0982.png,11.55,0.04,85.37,0.57,0.0,0.01,2.46,0.0
23.8991_90.0158.png,35.28,0.26,63.9,0.18,0.37,0.01,0.0,0.0
23.8079_90.4070.png,40.88,2.18,5.23,48.78,1.45,1.49,0.0,0.0
23.7693_89.9806.png,0.54,0.0,94.55,0.0,0.0,0.0,4.91,0.0
23.9579_89.8982.png,10.72,0.01,89.05,0.21,0.0,0.01,0.0,0.0
23.6991_90.1394.png,26.17,0.01,72.61,0.61,0.57,0.01,0.04,0.0
24.0227_90.2306.png,55.71,0.12,33.68,6.61,0.0,0.0,3.88,0.0
24.1227_90.3692.png,39.25,3.04,49.64,5.19,0.99,0.26,1.63,0.0
23.7579_89.9395.png,33.84,0.02,64.19,0.09,0.0,0.0,1.87,0.0
23.8226_90.0806.png,65.27,1.52,32.44,0.46,0.07,0.24,0.0,0.0
23.8579_90.4394.png,45.19,6.83,25.55,15.87,1.28,2.14,3.13,0.01
23.6991_90.3192.png,23.87,3.59,69.85,2.11,0.11,0.43,0.04,0.0
23.9491_90.3306.png,3.82,0.02,91.82,0.19,0.0,0.15,3.99,0.0
24.0193_90.2482.png,69.12,0.54,12.5,17.26,0.41,0.17,0.0,0.0
23.9491_89.9571.png,15.08,0.11,81.97,0.21,0.0,0.72,1.91,0.0
23.7579_90.4070.png,12.46,0.3,1.02,71.18,0.34,14.7,0.0,0.0
23.8226_90.0158.png,29.08,2.09,67.08,0.05,0.77,0.01,0.91,0.0
23.7193_90.0692.png,39.92,0.0,59.99,0.03,0.01,0.0,0.06,0.0
23.8693_90.1306.png,38.25,0.09,61.2,0.34,0.0,0.11,0.0,0.0
24.1693_90.4482.png,75.22,0.22,23.59,0.55,0.42,0.0,0.0,0.0
24.0991_90.0394.png,31.92,0.04,67.49,0.52,0.0,0.02,0.0,0.0
23.8579_89.9192.png,26.43,0.12,72.68,0.6,0.06,0.0,0.11,0.0
24.1079_90.3306.png,56.38,1.2,19.28,3.28,6.11,13.03,0.71,0.0
24.1579_89.9395.png,47.9,0.0,51.63,0.47,0.0,0.0,0.0,0.0
24.0903_90.2192.png,34.87,0.34,53.23,1.33,0.17,8.95,1.11,0.0
24.1693_89.9982.png,39.46,0.07,59.82,0.65,0.0,0.0,0.0,0.0
24.0403_90.2806.png,60.99,2.16,14.07,21.86,0.65,0.07,0.19,0.0
23.7693_90.1158.png,33.72,0.12,66.02,0.09,0.0,0.0,0.04,0.0
23.9991_90.4658.png,73.68,0.01,25.54,0.39,0.03,0.35,0.01,0.0
24.1579_90.1158.png,81.43,0.22,17.14,0.94,0.0,0.01,0.26,0.0
23.9903_89.9070.png,32.08,0.02,67.5,0.3,0.0,0.0,0.11,0.0
23.7903_90.0158.png,28.77,1.47,60.7,0.12,0.11,8.29,0.56,0.0
23.8727_90.1570.png,15.34,0.86,83.66,0.02,0.03,0.0,0.09,0.0
24.0991_90.4306.png,77.92,1.97,6.04,13.91,0.16,0.0,0.0,0.0
23.9815_90.3570.png,33.59,1.61,35.15,28.05,1.34,0.26,0.0,0.0
23.7315_90.3482.png,27.96,6.83,8.97,39.79,0.49,15.95,0.0,0.0
23.8991_89.9070.png,25.62,0.0,74.36,0.02,0.0,0.0,0.0,0.0
24.1227_90.4192.png,86.24,0.03,13.08,0.64,0.01,0.01,0.0,0.0
23.8491_90.3982.png,6.61,9.63,28.11,41.73,13.31,0.61,0.0,0.0
23.9193_90.1807.png,24.1,4.82,68.19,1.5,0.81,0.0,0.54,0.03
23.7903_90.2159.png,29.36,1.77,66.86,1.6,0.41,0.0,0.0,0.0
24.1079_90.0192.png,19.68,0.0,79.8,0.1,0.0,0.0,0.42,0.0
23.9991_90.1693.png,29.73,0.0,69.93,0.31,0.0,0.0,0.02,0.0
23.8079_89.9070.png,21.57,0.02,78.29,0.12,0.0,0.0,0.0,0.0
24.0079_90.4570.png,69.33,0.04,29.15,1.05,0.04,0.0,0.38,0.0
24.0815_89.9307.png,27.75,0.53,62.82,0.57,1.32,7.0,0.01,0.0
23.7079_90.0394.png,24.55,0.26,71.65,0.1,0.0,0.11,3.32,0.0
23.7815_90.2806.png,17.57,2.74,73.29,1.83,0.0,0.68,3.9,0.0
23.6727_90.4306.png,12.07,19.11,25.74,36.45,4.27,2.36,0.0,0.0
24.1815_90.4158.png,43.04,0.26,35.57,17.97,1.61,0.0,1.56,0.0
23.8315_90.0692.png,34.1,0.0,65.71,0.19,0.0,0.0,0.0,0.0
23.6693_90.2159.png,16.31,5.38,71.17,0.34,1.5,4.68,0.62,0.0
23.9079_90.2894.png,31.21,1.44,12.17,54.73,0.43,0.02,0.0,0.0
24.1815_90.3806.png,91.5,0.83,7.67,0.0,0.0,0.0,0.0,0.0
23.7579_90.2692.png,35.87,0.4,58.78,0.21,0.0,1.88,2.85,0.0
23.7693_90.3482.png,1.65,1.07,0.97,85.77,3.26,7.27,0.02,0.0
23.7491_89.9692.png,51.91,0.1,44.36,0.81,0.04,0.0,2.77,0.0
23.7079_90.1807.png,44.26,0.38,54.31,1.02,0.0,0.0,0.03,0.0
23.8815_90.0070.png,49.65,0.0,49.94,0.42,0.0,0.0,0.0,0.0
23.8491_90.3192.png,68.82,0.75,25.19,3.13,0.2,0.22,1.49,0.2
24.0991_90.2982.png,78.04,1.33,10.91,0.08,1.13,4.3,4.2,0.0
23.9815_90.0659.png,33.27,0.0,65.54,1.2,0.0,0.0,0.0,0.0
23.8991_89.9894.png,87.92,1.11,10.3,0.22,0.45,0.0,0.0,0.0
24.0991_90.2071.png,31.01,0.86,61.14,1.17,1.16,2.86,1.8,0.0
23.7079_89.8806.png,0.0,0.1,7.47,0.0,0.0,92.43,0.0,0.0
23.8193_90.3306.png,0.08,0.0,85.3,0.0,0.0,9.3,5.32,0.0
23.8403_90.3570.png,20.51,8.18,20.89,25.46,2.26,16.67,6.03,0.0
24.0491_90.0571.png,26.36,0.0,73.51,0.12,0.0,0.0,0.01,0.0
23.9193_90.0158.png,38.79,0.13,60.76,0.31,0.02,0.0,0.0,0.0
23.8903_89.9070.png,31.31,1.25,64.17,0.01,0.29,2.98,0.0,0.0
23.6727_90.2482.png,2.63,0.07,94.91,0.0,0.0,0.93,1.45,0.01
23.7227_90.4658.png,19.78,9.74,37.74,17.1,4.89,10.01,0.75,0.0
23.8815_89.9659.png,44.96,0.0,54.92,0.12,0.0,0.0,0.0,0.0
23.9579_90.2071.png,36.48,0.25,59.39,2.45,0.45,0.15,0.83,0.0
23.6991_90.0692.png,70.58,0.62,27.31,1.32,0.0,0.12,0.05,0.0
23.7227_90.3894.png,15.3,2.22,1.84,80.4,0.22,0.03,0.0,0.0
24.1491_89.9659.png,25.0,0.0,74.85,0.15,0.0,0.0,0.0,0.0
24.1491_90.0571.png,29.4,0.0,69.97,0.35,0.0,0.04,0.23,0.0
23.6903_90.1693.png,63.4,0.06,35.63,0.91,0.0,0.0,0.0,0.0
24.0693_90.4158.png,62.03,0.13,37.01,0.82,0.0,0.0,0.0,0.0
23.9815_89.9806.png,36.88,0.01,63.05,0.06,0.0,0.0,0.0,0.0
23.8727_90.0982.png,41.42,0.44,57.41,0.34,0.01,0.02,0.37,0.0
23.7227_90.1306.png,32.62,2.48,53.82,0.2,0.29,10.48,0.11,0.0
24.0991_90.2192.png,12.74,2.57,80.29,0.61,2.07,1.64,0.08,0.0
24.0991_89.9571.png,58.34,0.04,41.4,0.21,0.0,0.0,0.01,0.0
24.1403_90.2306.png,88.05,0.21,11.74,0.01,0.0,0.0,0.0,0.0
23.8079_90.0192.png,33.1,1.41,49.03,1.26,2.87,11.21,1.12,0.0
23.7403_90.4192.png,13.23,0.88,0.43,84.81,0.49,0.17,0.0,0.0
24.2079_90.0192.png,18.79,0.28,80.43,0.26,0.04,0.13,0.07,0.0
23.8403_90.0482.png,34.8,0.09,64.77,0.34,0.0,0.0,0.0,0.0
23.8991_90.0894.png,24.53,1.98,72.86,0.13,0.42,0.09,0.0,0.0
24.0991_90.0894.png,51.86,1.27,27.46,14.02,1.58,3.3,0.51,0.0
23.7193_89.8894.png,0.0,0.0,0.0,0.0,0.0,100.0,0.0,0.0
23.9403_90.0158.png,47.74,0.19,51.85,0.21,0.0,0.0,0.0,0.0
24.0726_90.3982.png,77.49,0.04,20.65,1.81,0.01,0.0,0.0,0.0
23.8903_90.1394.png,4.8,6.95,86.93,0.38,0.87,0.0,0.07,0.0
23.7991_90.1394.png,41.81,0.1,54.86,3.23,0.0,0.0,0.0,0.0
23.7903_90.0394.png,3.46,5.28,91.25,0.0,0.01,0.0,0.0,0.0
23.9315_90.4658.png,61.47,0.4,25.68,11.81,0.23,0.01,0.42,0.0
23.7991_90.2692.png,19.33,2.24,24.31,50.44,0.84,0.68,2.17,0.01
23.7079_90.2159.png,43.85,1.88,39.37,0.5,0.9,13.32,0.17,0.0
23.7991_90.1570.png,49.46,0.0,49.65,0.9,0.0,0.0,0.0,0.0
23.9727_90.1983.png,57.37,0.27,38.5,3.67,0.0,0.0,0.2,0.0
24.0726_89.9483.png,51.04,1.19,38.03,2.42,0.74,6.58,0.0,0.0
23.9991_90.1895.png,40.51,0.36,57.93,0.91,0.0,0.02,0.28,0.0
23.7815_90.0394.png,24.03,1.29,74.29,0.3,0.07,0.0,0.01,0.0
24.1227_89.9192.png,16.73,0.01,83.15,0.07,0.0,0.0,0.04,0.0
23.7991_89.8982.png,37.86,0.03,62.01,0.09,0.0,0.0,0.0,0.0
23.8403_90.1394.png,51.35,0.7,47.02,0.58,0.06,0.3,0.0,0.0
23.7727_90.0070.png,64.27,0.19,35.24,0.03,0.01,0.19,0.07,0.0
23.7193_90.0806.png,19.49,3.04,76.74,0.1,0.63,0.0,0.01,0.0
23.8991_90.3894.png,11.35,0.77,13.38,67.94,1.87,4.68,0.01,0.0
23.7193_89.9806.png,5.56,8.98,37.83,0.0,0.32,47.31,0.0,0.0
24.0991_90.1983.png,37.07,1.93,42.95,6.1,1.96,8.72,1.26,0.0
23.8079_89.9692.png,33.19,0.11,66.41,0.3,0.0,0.0,0.01,0.0
23.8903_90.3982.png,16.26,8.41,17.35,55.57,0.65,1.75,0.0,0.0
23.6991_90.3570.png,12.68,25.6,43.66,14.3,3.58,0.18,0.0,0.0
23.6991_90.1306.png,7.39,0.0,92.45,0.03,0.0,0.01,0.12,0.0
24.0815_90.2570.png,60.16,0.04,29.69,0.09,0.0,0.59,9.22,0.21
23.9403_89.9483.png,14.12,0.0,85.43,0.28,0.0,0.0,0.16,0.0
23.9227_90.3394.png,0.36,0.0,80.34,0.0,0.0,10.35,8.95,0.0
23.8693_90.3806.png,7.31,1.84,5.88,79.06,0.99,0.41,4.5,0.0
23.7227_89.9192.png,0.0,0.0,0.0,0.0,0.0,100.0,0.0,0.0
24.0193_89.9982.png,35.4,0.2,64.1,0.17,0.0,0.12,0.01,0.0
23.8079_90.3806.png,9.31,2.22,2.55,83.88,0.97,1.06,0.0,0.0
23.8315_90.4692.png,28.85,25.84,14.87,18.32,9.34,2.77,0.0,0.0
23.8403_90.0806.png,34.09,2.43,62.87,0.28,0.06,0.27,0.0,0.0
23.8193_90.4070.png,43.51,3.66,9.71,38.86,1.6,2.66,0.0,0.0
24.0726_89.8894.png,10.45,5.57,82.41,0.36,1.0,0.0,0.21,0.0
24.1193_90.1158.png,20.74,0.03,74.76,0.93,0.09,3.31,0.14,0.0
24.0491_89.9571.png,28.85,5.6,53.31,0.03,1.62,10.58,0.01,0.0
24.0079_90.2394.png,70.65,0.16,15.88,12.81,0.36,0.08,0.06,0.0
23.9227_90.0070.png,38.59,0.55,60.52,0.27,0.08,0.01,0.0,0.0
23.7227_90.3306.png,42.5,11.61,29.52,16.01,0.35,0.02,0.0,0.0
23.8579_90.1394.png,49.55,0.09,49.92,0.44,0.0,0.0,0.0,0.0
23.7579_90.1983.png,41.15,2.78,51.6,4.47,0.0,0.0,0.01,0.01
24.0726_90.3806.png,63.69,0.08,26.5,9.65,0.08,0.0,0.0,0.0
23.6903_90.3306.png,26.58,0.64,71.31,1.46,0.01,0.0,0.0,0.0
23.6727_89.8894.png,5.46,1.69,89.31,0.16,0.36,2.99,0.03,0.0
23.7693_90.3806.png,34.69,10.09,16.57,35.22,2.44,0.99,0.0,0.0
23.7579_90.1570.png,33.49,0.01,66.43,0.07,0.0,0.0,0.0,0.0
23.9815_89.8982.png,14.18,0.0,85.71,0.09,0.0,0.01,0.0,0.0
23.8403_89.9483.png,22.85,0.23,76.3,0.07,0.0,0.54,0.02,0.0
23.7815_90.1807.png,31.48,0.0,68.44,0.08,0.0,0.0,0.0,0.0
24.0403_90.3982.png,56.96,0.9,34.52,7.3,0.33,0.0,0.0,0.0
23.7579_89.9483.png,21.31,0.02,78.54,0.06,0.0,0.0,0.07,0.0
24.1079_89.9982.png,30.67,0.02,68.28,0.13,0.0,0.0,0.9,0.0
24.1903_90.1482.png,80.52,0.18,19.04,0.19,0.07,0.0,0.0,0.0
23.6693_90.0192.png,2.48,1.51,0.89,0.01,0.63,94.47,0.0,0.0
24.0991_90.0158.png,29.84,0.0,69.46,0.4,0.0,0.0,0.3,0.0
23.7079_90.4692.png,11.15,0.46,0.8,85.3,1.21,1.08,0.0,0.0
23.9403_90.3482.png,17.82,0.05,71.92,0.91,0.07,7.46,1.78,0.0
24.1693_90.1658.png,69.92,1.07,23.91,3.66,1.27,0.16,0.0,0.0
23.8226_90.3658.png,2.23,0.46,0.2,96.83,0.27,0.0,0.0,0.0
24.1727_90.3692.png,92.84,0.3,6.86,0.0,0.0,0.0,0.0,0.0
24.1579_90.3658.png,75.72,2.8,20.63,0.78,0.06,0.0,0.0,0.0
23.6727_90.4070.png,19.72,28.23,19.5,27.47,5.08,0.0,0.0,0.0
23.9491_90.4482.png,45.53,0.06,48.36,0.2,0.15,0.13,5.56,0.02
24.1491_89.9894.png,57.09,0.17,41.61,0.89,0.0,0.05,0.18,0.0
23.7227_89.8982.png,0.0,0.0,0.0,0.0,0.0,100.0,0.0,0.0
23.6693_90.3071.png,40.97,3.74,33.52,19.14,0.54,1.99,0.1,0.0
23.8579_90.4192.png,13.76,0.52,0.92,84.31,0.32,0.13,0.04,0.0
23.9491_90.2658.png,23.39,0.88,22.04,49.95,1.23,2.11,0.41,0.0
23.8226_90.4394.png,22.92,4.33,6.88,61.88,3.92,0.07,0.0,0.0
23.9991_89.9192.png,44.72,0.86,49.84,0.54,0.09,3.94,0.0,0.0
23.7403_90.4070.png,31.79,0.0,0.29,66.7,0.63,0.6,0.0,0.0
23.7815_90.1570.png,55.67,0.0,43.52,0.81,0.0,0.0,0.0,0.0
24.1991_90.0692.png,7.1,0.02,88.95,0.02,0.0,0.0,3.91,0.0
23.7403_90.4482.png,30.7,0.72,5.81,59.74,0.86,2.17,0.0,0.0
23.8903_90.4306.png,50.32,3.06,25.97,17.28,0.27,3.08,0.0,0.0
23.9227_90.0894.png,28.19,11.83,54.03,1.4,2.6,1.28,0.68,0.0
23.9579_90.0158.png,69.15,0.74,28.94,1.14,0.0,0.02,0.0,0.0
23.7193_90.4692.png,15.36,7.16,19.76,47.52,3.92,5.88,0.39,0.0
23.9227_89.9982.png,28.05,0.0,71.95,0.0,0.0,0.0,0.0,0.0
23.7315_89.9982.png,2.41,0.18,97.0,0.0,0.0,0.41,0.0,0.0
24.1579_90.4482.png,79.89,0.13,19.8,0.17,0.01,0.0,0.0,0.0
23.9815_90.0571.png,29.89,0.44,68.77,0.5,0.05,0.25,0.11,0.0
23.7727_90.3306.png,1.76,20.86,26.54,3.9,9.44,36.88,0.62,0.0
23.9491_89.9395.png,26.7,0.08,72.83,0.39,0.0,0.0,0.0,0.0
23.8693_90.0806.png,37.74,0.1,62.12,0.04,0.0,0.0,0.0,0.0
23.8579_90.2482.png,37.03,4.53,27.93,28.27,1.51,0.12,0.61,0.0
23.7491_89.9894.png,64.64,0.0,35.12,0.2,0.0,0.0,0.04,0.0
23.8079_90.2482.png,13.91,4.15,31.67,36.12,0.55,13.6,0.01,0.0
24.0693_89.9894.png,43.32,0.68,49.08,0.03,0.0,0.98,5.92,0.0
23.9693_90.1570.png,42.4,0.0,56.88,0.72,0.0,0.0,0.0,0.0
23.7491_89.9395.png,22.52,0.08,75.58,0.05,0.0,0.0,1.76,0.0
23.6991_90.2982.png,64.32,0.04,33.46,1.81,0.0,0.0,0.38,0.0
23.7403_89.9571.png,43.5,0.71,50.07,0.01,0.57,4.84,0.32,0.0
23.7693_90.4482.png,5.29,34.95,40.55,11.54,1.59,4.67,1.42,0.0
24.1693_90.1192.png,37.53,0.49,58.76,1.2,0.34,0.41,1.28,0.0
23.6727_90.2306.png,18.73,0.85,77.68,0.43,0.15,0.79,1.38,0.0
23.7227_90.2482.png,41.67,0.27,48.21,0.08,0.01,9.36,0.4,0.0
24.1491_90.3570.png,39.92,0.84,58.44,0.01,0.71,0.03,0.04,0.0
23.7491_90.3482.png,10.27,3.41,8.08,66.57,2.45,9.21,0.0,0.0
23.7727_90.1693.png,67.41,0.0,32.3,0.29,0.0,0.0,0.0,0.0
23.9193_90.4482.png,75.13,0.0,21.31,3.56,0.0,0.0,0.0,0.0
23.9991_90.2570.png,32.12,0.3,13.14,54.04,0.31,0.02,0.08,0.0
23.8693_90.0894.png,36.07,0.36,63.4,0.17,0.0,0.0,0.0,0.0
24.0579_89.9571.png,50.6,0.04,49.27,0.04,0.0,0.0,0.05,0.0
23.9815_90.2071.png,26.13,2.9,67.95,2.19,0.36,0.07,0.4,0.0
23.9315_90.3658.png,38.15,7.72,36.9,11.65,2.04,3.25,0.29,0.01
24.1403_90.3071.png,31.78,1.04,17.29,0.12,3.35,44.04,2.38,0.0
24.1491_90.4158.png,68.05,1.58,9.38,20.84,0.15,0.0,0.0,0.0
23.8693_90.3192.png,37.16,21.98,37.43,1.45,1.99,0.0,0.0,0.0
24.0403_90.3071.png,76.51,0.25,14.7,8.32,0.08,0.15,0.0,0.0
24.0079_90.1070.png,59.86,0.32,39.15,0.65,0.01,0.0,0.0,0.0
24.0726_90.4658.png,71.98,0.44,26.3,1.16,0.13,0.0,0.0,0.0
23.9579_90.0070.png,54.22,0.48,44.78,0.47,0.0,0.05,0.0,0.0
24.0903_89.9692.png,49.33,0.27,50.34,0.04,0.02,0.0,0.0,0.0
23.6991_89.9806.png,0.0,0.0,0.03,0.0,0.0,99.97,0.0,0.0
23.7193_89.9070.png,0.0,0.0,0.0,0.0,0.0,100.0,0.0,0.0
23.9227_90.4192.png,49.79,0.01,42.67,5.36,0.08,1.55,0.55,0.0
23.8403_90.1192.png,47.01,0.21,52.65,0.13,0.0,0.0,0.0,0.0
24.0693_89.9571.png,51.43,0.1,48.35,0.12,0.0,0.0,0.0,0.0
23.8693_89.9192.png,33.65,3.77,62.36,0.01,0.06,0.15,0.01,0.0
23.9991_90.4070.png,37.28,0.27,7.29,54.87,0.25,0.03,0.0,0.0
24.1815_90.0806.png,11.37,0.54,83.88,0.93,0.0,0.0,3.28,0.0
24.0079_90.4658.png,70.33,0.04,29.5,0.08,0.04,0.0,0.0,0.0
23.9693_90.4158.png,56.81,0.21,40.35,2.62,0.01,0.0,0.0,0.0
23.7403_90.2658.png,39.17,0.12,59.04,0.07,0.0,1.6,0.0,0.0
23.7079_90.1306.png,27.53,0.0,72.38,0.07,0.0,0.0,0.02,0.0
23.8693_90.1192.png,41.67,0.04,58.03,0.26,0.0,0.0,0.0,0.0
24.0079_90.2570.png,31.68,2.11,60.65,5.26,0.23,0.0,0.06,0.0
24.1227_89.8894.png,22.98,7.86,55.81,0.85,3.6,8.91,0.0,0.0
24.1403_90.3806.png,65.9,1.9,29.75,0.79,1.21,0.0,0.44,0.0
24.1403_90.1394.png,63.58,0.07,36.16,0.19,0.0,0.0,0.0,0.0
24.1193_89.9571.png,23.58,0.23,75.72,0.09,0.12,0.26,0.0,0.0
24.1991_90.2192.png,80.2,0.06,19.3,0.04,0.01,0.38,0.0,0.0
24.1193_90.3192.png,71.81,1.1,17.08,2.01,1.2,5.4,1.39,0.0
24.1079_90.1658.png,34.56,3.84,43.11,10.38,5.78,2.22,0.1,0.0
23.8315_90.0806.png,50.88,1.78,45.56,0.12,0.14,1.51,0.0,0.0
23.8727_90.0692.png,35.75,0.55,63.47,0.19,0.02,0.02,0.0,0.0
23.8991_90.0571.png,55.31,2.71,39.57,1.89,0.49,0.03,0.0,0.0
23.8193_90.1158.png,40.95,7.19,46.21,0.4,3.36,1.88,0.0,0.0
24.1991_90.4070.png,64.29,0.66,9.31,24.3,1.44,0.0,0.0,0.0
24.1579_90.0692.png,36.09,0.72,57.65,1.35,0.39,3.81,0.0,0.0
23.8727_90.2692.png,75.14,1.17,11.66,9.67,0.15,0.04,2.17,0.0
23.7815_90.2482.png,26.8,5.13,30.87,35.41,1.69,0.09,0.0,0.0
23.8579_90.1570.png,23.57,0.06,76.01,0.37,0.0,0.0,0.0,0.0
23.7991_90.4158.png,24.97,0.03,0.72,66.14,2.02,6.13,0.0,0.0
23.8403_90.0982.png,43.2,0.59,55.38,0.62,0.13,0.07,0.0,0.0
23.8991_90.2071.png,33.91,6.2,56.98,2.87,0.03,0.0,0.0,0.0
23.7991_90.1070.png,16.11,13.5,57.69,0.3,7.59,4.51,0.3,0.0
23.8403_90.4692.png,13.33,30.58,18.6,9.83,18.45,9.05,0.16,0.0
23.7491_90.0158.png,46.3,0.17,49.74,1.76,0.1,0.0,1.94,0.0
23.8693_90.1394.png,44.31,0.09,54.99,0.49,0.0,0.12,0.0,0.0
23.7693_89.9692.png,22.45,0.26,76.23,0.05,0.0,0.21,0.8,0.0
23.9079_90.1658.png,40.02,1.91,54.27,1.72,2.0,0.0,0.08,0.0
24.1079_90.1192.png,21.91,0.18,64.35,1.08,0.55,11.36,0.58,0.0
23.8693_90.3570.png,7.68,44.14,27.51,12.22,4.18,4.27,0.01,0.0
23.6727_90.4658.png,14.78,1.83,10.6,69.12,1.82,1.83,0.03,0.0
23.8226_89.8982.png,15.07,0.02,84.79,0.1,0.0,0.02,0.0,0.0
23.8579_90.4158.png,10.47,0.78,1.26,86.35,1.02,0.08,0.04,0.0
23.8079_89.8806.png,34.45,0.12,65.41,0.01,0.02,0.0,0.0,0.0
24.1079_90.2570.png,79.75,1.22,16.0,0.09,0.47,0.03,2.44,0.0
23.7903_90.2806.png,19.36,2.61,38.04,36.72,1.3,0.52,1.41,0.04
23.8579_90.0894.png,29.5,0.0,70.39,0.11,0.0,0.0,0.0,0.0
23.8226_90.4570.png,1.48,61.86,32.54,3.79,0.34,0.0,0.0,0.0
23.9693_90.0806.png,40.87,1.79,55.59,1.61,0.11,0.03,0.0,0.0
23.7193_90.3692.png,2.7,0.29,0.0,96.65,0.36,0.0,0.0,0.0
23.9193_90.1693.png,35.47,14.92,40.23,6.48,2.61,0.06,0.2,0.02
23.7227_89.9070.png,0.0,0.0,0.0,0.0,0.0,100.0,0.0,0.0
24.1491_90.4394.png,77.58,0.05,22.22,0.09,0.03,0.03,0.0,0.0
23.8226_90.0482.png,44.97,2.78,50.77,1.21,0.06,0.21,0.0,0.0
24.1727_90.1070.png,7.47,0.28,77.4,0.98,0.32,0.0,13.55,0.0
24.0227_90.4394.png,53.57,0.04,45.56,0.19,0.0,0.55,0.1,0.0
24.1903_90.4192.png,42.47,0.55,5.0,48.68,2.9,0.4,0.0,0.0
23.8579_90.1693.png,15.93,0.12,83.84,0.11,0.0,0.0,0.0,0.0
24.1315_89.9806.png,19.01,0.0,80.73,0.05,0.0,0.21,0.0,0.0
23.8403_90.3192.png,82.68,0.11,14.72,1.74,0.09,0.27,0.38,0.0
24.0903_89.9894.png,35.37,0.08,64.18,0.32,0.03,0.0,0.01,0.0
24.1227_90.2482.png,57.47,0.2,39.79,0.08,0.0,0.04,2.42,0.0
23.8491_90.1570.png,43.13,0.18,55.48,1.2,0.0,0.0,0.0,0.0
24.1693_89.9070.png,52.64,0.08,45.76,0.04,0.01,1.47,0.0,0.0
23.7693_90.2692.png,31.03,1.3,61.83,3.31,0.02,0.66,1.85,0.0
23.7491_90.3570.png,15.54,3.0,11.73,66.42,2.67,0.63,0.0,0.0
23.9491_90.1158.png,55.12,1.11,41.96,1.53,0.17,0.11,0.0,0.0
23.9403_90.1070.png,46.18,0.54,51.37,1.89,0.0,0.01,0.01,0.0
23.9991_90.2394.png,73.28,0.12,23.3,3.0,0.0,0.01,0.29,0.0
23.8193_90.2658.png,34.28,4.06,21.01,32.58,0.78,7.28,0.0,0.0
23.9579_90.1983.png,33.34,4.91,55.35,3.38,1.78,0.41,0.83,0.0
23.8903_90.0482.png,45.56,0.79,53.51,0.11,0.01,0.0,0.03,0.0
23.8315_90.1158.png,31.47,1.74,66.72,0.07,0.0,0.0,0.0,0.0
23.7315_89.9806.png,0.83,1.18,40.72,0.0,0.63,56.65,0.0,0.0
24.0227_90.0394.png,43.25,0.31,56.36,0.08,0.0,0.0,0.01,0.0
24.1815_90.4570.png,65.83,0.45,33.67,0.06,0.0,0.0,0.0,0.0
24.1693_90.2570.png,90.04,0.02,9.91,0.03,0.0,0.0,0.0,0.0
24.0403_89.9192.png,33.14,0.02,66.42,0.41,0.0,0.01,0.0,0.0
24.0315_90.4158.png,45.61,8.78,16.35,24.3,4.38,0.58,0.0,0.0
23.7491_90.1394.png,45.41,0.01,54.49,0.09,0.0,0.0,0.0,0.0
23.8491_90.2482.png,12.33,0.04,2.49,82.87,0.41,1.87,0.0,0.0
24.0403_90.2692.png,33.3,0.65,12.06,53.08,0.55,0.18,0.17,0.0
23.8693_90.2306.png,37.11,1.39,50.8,1.14,0.06,9.39,0.11,0.0
23.9815_90.1306.png,37.42,1.42,60.94,0.09,0.13,0.0,0.0,0.0
23.9227_90.0192.png,40.45,0.01,59.44,0.1,0.0,0.0,0.0,0.0
23.8693_90.1983.png,19.68,0.0,80.23,0.09,0.0,0.0,0.0,0.0
23.8991_90.1394.png,30.21,12.26,54.34,0.65,2.35,0.0,0.18,0.0
23.8693_90.3692.png,15.48,22.26,15.16,36.01,5.68,2.61,2.79,0.01
24.0491_90.3806.png,68.26,0.3,23.17,8.15,0.11,0.01,0.0,0.0
24.1693_90.4692.png,59.37,0.1,40.51,0.01,0.01,0.0,0.0,0.0
23.9403_90.1693.png,47.81,0.28,49.72,0.99,0.08,0.0,1.11,0.0
23.8693_90.2692.png,80.07,0.61,8.42,8.53,0.15,0.04,2.17,0.0
23.9193_89.9158.png,6.46,0.0,93.31,0.22,0.0,0.01,0.0,0.0
24.2079_90.2482.png,54.55,0.02,45.26,0.07,0.09,0.0,0.0,0.0
24.1815_90.1482.png,75.77,1.54,22.34,0.33,0.01,0.0,0.0,0.0
23.8693_89.9483.png,32.26,0.9,57.24,0.16,0.01,9.44,0.0,0.0
23.7815_89.9894.png,3.39,0.23,95.76,0.0,0.0,0.0,0.62,0.0
23.8579_90.3071.png,73.56,0.22,11.48,14.71,0.03,0.0,0.0,0.0
23.8079_89.8982.png,43.72,0.0,56.15,0.13,0.0,0.0,0.0,0.0
24.1693_90.0306.png,49.56,0.0,49.07,1.37,0.0,0.0,0.0,0.0
23.6903_89.9806.png,0.0,0.0,0.0,0.0,0.0,100.0,0.0,0.0
23.7579_89.9158.png,34.52,0.35,63.41,0.06,0.0,1.18,0.48,0.0
24.2079_90.4192.png,58.47,0.73,8.78,31.15,0.87,0.0,0.0,0.0
23.8903_90.0394.png,48.92,1.97,34.08,14.18,0.85,0.0,0.0,0.0
24.0693_90.1570.png,32.3,0.02,66.37,0.41,0.0,0.84,0.06,0.0
24.2079_90.0692.png,22.07,0.02,76.26,0.53,0.0,0.0,1.12,0.0
24.0079_90.1394.png,40.15,0.0,59.82,0.03,0.0,0.0,0.0,0.0
24.1193_90.0482.png,18.71,0.0,79.9,1.17,0.0,0.0,0.23,0.0
23.9491_90.1482.png,12.93,10.6,69.05,1.34,1.12,1.24,3.72,0.0
24.1903_89.9571.png,6.92,0.0,92.6,0.14,0.0,0.01,0.33,0.0
23.9403_90.2806.png,2.87,0.08,0.28,96.71,0.04,0.01,0.0,0.0
24.1579_90.4570.png,74.1,0.28,25.37,0.09,0.16,0.0,0.0,0.0
23.9579_90.1570.png,34.03,0.32,64.07,1.2,0.02,0.03,0.34,0.0
23.9315_90.4070.png,37.58,0.23,59.1,2.79,0.01,0.0,0.29,0.0
23.8903_90.0894.png,28.98,1.67,68.9,0.05,0.39,0.01,0.0,0.0
23.6903_90.2482.png,5.12,0.01,94.12,0.16,0.0,0.0,0.59,0.0
24.0693_89.9395.png,9.14,7.88,65.15,0.01,5.22,12.6,0.0,0.0
23.9579_90.4692.png,32.12,0.01,45.98,0.36,0.0,0.69,20.76,0.08
24.1315_89.9894.png,42.97,0.13,56.3,0.15,0.0,0.42,0.03,0.0
24.1579_90.2306.png,87.78,0.02,12.17,0.02,0.0,0.0,0.0,0.0
24.0491_90.0306.png,18.08,0.03,81.86,0.0,0.0,0.0,0.02,0.0
24.0726_89.9982.png,21.73,0.0,76.71,0.08,0.0,0.0,1.49,0.0
24.0579_90.4692.png,48.12,0.87,50.54,0.43,0.0,0.04,0.0,0.0
24.0693_89.9806.png,41.15,0.5,58.28,0.02,0.0,0.0,0.04,0.0
23.6815_90.3394.png,3.67,0.71,95.49,0.13,0.0,0.0,0.0,0.0
24.1693_90.4158.png,41.37,0.68,27.23,30.15,0.55,0.0,0.02,0.0
24.0403_90.3159.png,80.61,1.01,16.93,1.14,0.31,0.0,0.0,0.0
24.0491_90.2806.png,56.54,2.29,36.16,0.49,0.13,0.13,4.26,0.0
24.0903_90.3482.png,60.12,1.7,14.89,19.87,2.57,0.85,0.0,0.0
23.7727_90.4192.png,8.26,0.05,3.87,60.71,0.96,26.13,0.03,0.0
23.6903_90.3192.png,29.26,0.57,67.17,2.52,0.04,0.43,0.01,0.0
24.1193_89.9483.png,32.57,0.03,67.28,0.06,0.0,0.0,0.06,0.0
24.0815_90.1394.png,27.32,0.01,72.41,0.22,0.01,0.0,0.03,0.0
23.8815_90.1482.png,17.83,5.53,75.73,0.22,0.56,0.09,0.04,0.0
23.7079_90.0571.png,69.57,0.48,28.97,0.97,0.0,0.0,0.0,0.0
24.1727_90.4306.png,47.54,0.16,20.25,31.38,0.68,0.0,0.0,0.0
24.0815_90.2982.png,75.94,1.21,18.65,0.45,1.97,1.77,0.0,0.0
23.8815_90.3071.png,51.89,0.67,4.41,42.94,0.1,0.0,0.0,0.0
23.8693_90.1158.png,35.48,0.03,64.18,0.29,0.0,0.0,0.02,0.0
23.9727_90.4482.png,46.61,0.0,52.64,0.07,0.0,0.34,0.34,0.0
23.7991_89.9692.png,15.76,0.09,83.83,0.19,0.0,0.08,0.04,0.0
24.1403_90.0806.png,21.23,1.47,71.5,0.23,0.74,4.76,0.07,0.0
24.0726_90.3306.png,34.83,3.29,42.07,0.41,3.79,10.29,5.32,0.0
24.1193_90.0806.png,18.98,0.0,80.69,0.33,0.0,0.0,0.0,0.0
23.7991_89.8894.png,32.58,0.73,66.35,0.34,0.0,0.0,0.0,0.0
23.8815_90.3692.png,21.65,7.65,15.96,46.3,6.68,1.74,0.01,0.01
23.9227_90.0806.png,42.84,6.88,45.13,1.2,3.5,0.12,0.34,0.0
23.7315_90.1482.png,6.08,0.0,93.62,0.25,0.0,0.0,0.05,0.0
23.8403_90.1570.png,34.63,0.16,63.67,1.54,0.0,0.0,0.0,0.0
24.1579_89.9192.png,38.65,0.02,59.36,0.25,0.0,1.71,0.0,0.0
23.9693_90.3306.png,12.45,0.14,81.32,0.17,0.0,4.35,1.52,0.06
23.9491_89.9070.png,17.09,0.17,82.31,0.42,0.0,0.01,0.0,0.0
23.7991_90.4658.png,11.39,30.3,29.19,12.07,14.83,0.55,1.67,0.0
24.0315_90.0894.png,44.35,0.15,55.37,0.03,0.0,0.06,0.04,0.0
24.0815_90.0306.png,17.69,0.0,82.19,0.09,0.0,0.0,0.03,0.0
23.8727_89.9571.png,53.66,0.12,45.92,0.3,0.0,0.0,0.0,0.0
23.6991_90.1693.png,64.88,0.09,34.93,0.08,0.0,0.02,0.0,0.0
24.1079_89.9692.png,33.56,0.0,66.14,0.22,0.0,0.0,0.08,0.0
23.7227_90.0806.png,31.64,2.53,65.07,0.12,0.63,0.0,0.01,0.0
23.6815_90.1158.png,50.06,0.12,49.71,0.0,0.0,0.0,0.11,0.0
24.1079_90.4394.png,75.04,0.16,19.19,5.53,0.09,0.0,0.0,0.0
23.6903_89.8894.png,9.85,10.38,78.86,0.03,0.89,0.0,0.0,0.0
23.6903_90.0659.png,49.06,0.21,50.59,0.03,0.02,0.02,0.08,0.0
23.9693_89.9192.png,54.63,0.0,44.15,1.22,0.0,0.0,0.0,0.0
23.6991_90.4570.png,5.87,0.02,0.55,92.93,0.44,0.19,0.0,0.0
23.9403_90.4394.png,77.25,0.46,13.5,8.4,0.31,0.07,0.0,0.0
24.0193_90.4658.png,75.69,24.2,0.11,0.01,0.0,0.0,0.0,0.0
24.1491_90.2570.png,93.64,6.29,0.0,0.0,0.06,0.0,0.0,0.0
23.9193_90.3570.png,23.13,39.89,8.67,0.47,18.14,9.41,0.3,0.0
23.6903_90.0306.png,31.26,66.48,0.02,0.16,0.27,0.01,1.79,0.0
23.8193_90.3071.png,46.92,41.17,4.47,0.0,1.68,0.06,5.7,0.0
23.7227_89.8894.png,0.0,0.0,0.0,100.0,0.0,0.0,0.0,0.0
24.0227_89.9483.png,25.19,63.91,0.05,6.63,2.58,1.61,0.03,0.0
24.1079_90.2192.png,46.75,50.54,1.02,0.0,0.59,1.09,0.0,0.0
24.0315_89.9659.png,35.94,49.47,0.34,1.3,8.16,4.79,0.0,0.0
24.2079_89.8894.png,35.01,64.08,0.24,0.0,0.45,0.22,0.0,0.0
23.8491_90.4394.png,44.44,30.23,7.29,3.73,8.72,1.08,4.48,0.04
24.1579_90.4192.png,50.53,6.53,40.92,0.0,1.51,0.5,0.0,0.0
23.9727_90.4658.png,23.36,70.69,0.38,0.0,0.01,0.0,5.56,0.0
24.1903_89.9483.png,47.73,51.85,0.3,0.05,0.08,0.0,0.0,0.0
23.8315_90.2692.png,53.49,17.81,22.05,0.77,2.03,0.26,3.53,0.07
23.7579_90.4692.png,44.85,41.35,7.3,2.36,3.13,0.49,0.52,0.0
23.9315_89.9692.png,1.54,86.57,0.0,6.65,2.72,2.11,0.41,0.0
23.9315_90.0306.png,45.57,53.98,0.45,0.0,0.0,0.0,0.0,0.0
24.1815_90.0571.png,22.57,69.34,0.41,5.37,1.53,0.72,0.06,0.0
23.7315_89.9571.png,7.87,10.17,0.0,80.7,0.69,0.57,0.0,0.0
23.9693_90.2894.png,34.01,10.2,54.59,0.29,0.55,0.35,0.0,0.0
23.6903_90.4570.png,11.44,1.88,84.64,1.3,0.15,0.6,0.0,0.0
23.6903_90.0192.png,3.81,93.66,0.02,2.05,0.07,0.01,0.37,0.0
23.7403_90.2071.png,18.63,78.73,0.47,0.0,1.34,0.08,0.75,0.0
24.1491_90.1306.png,79.14,20.02,0.15,0.0,0.66,0.03,0.0,0.0
23.7991_90.4306.png,2.76,2.31,93.52,0.3,0.27,0.84,0.0,0.0
23.7727_90.4306.png,11.02,1.29,86.4,0.11,0.97,0.2,0.0,0.01
23.6903_90.2658.png,21.36,66.02,0.71,9.36,2.37,0.17,0.01,0.01
24.0579_90.1658.png,52.92,43.42,2.11,1.35,0.1,0.03,0.07,0.0
23.6815_89.9659.png,0.0,1.74,0.0,98.21,0.04,0.01,0.0,0.0
23.7579_90.3306.png,7.19,21.35,10.56,44.02,13.48,1.74,1.56,0.1
23.9903_90.2570.png,20.76,4.84,71.09,0.0,2.88,0.41,0.02,0.0
24.1491_90.2482.png,84.11,15.66,0.08,0.0,0.15,0.0,0.0,0.0
23.7227_89.9692.png,0.0,13.34,0.0,82.55,4.11,0.0,0.0,0.0
23.7903_90.0659.png,51.13,48.25,0.44,0.04,0.12,0.02,0.0,0.0
23.9579_90.4482.png,36.43,46.3,0.2,0.32,0.07,0.13,16.38,0.16
23.8315_90.1983.png,36.24,63.38,0.25,0.12,0.02,0.0,0.0,0.0
23.7079_90.3658.png,12.28,2.1,55.27,24.39,4.54,1.42,0.0,0.0
24.1227_90.0158.png,35.12,62.57,1.11,0.86,0.22,0.03,0.1,0.0
23.6991_89.9307.png,0.79,19.0,0.0,79.6,0.62,0.0,0.0,0.0
24.1227_90.0306.png,33.28,65.84,0.72,0.15,0.01,0.0,0.0,0.0
23.9693_89.9158.png,48.13,50.89,0.97,0.0,0.0,0.0,0.0,0.0
24.0079_90.0659.png,61.7,36.98,0.28,0.09,0.92,0.02,0.0,0.0
23.8727_89.9894.png,41.39,46.46,4.47,1.35,2.23,0.68,3.41,0.0
24.1903_90.3482.png,68.41,31.09,0.12,0.0,0.36,0.02,0.0,0.0
24.0315_90.2482.png,49.47,6.0,42.76,0.29,1.17,0.31,0.0,0.0
23.8079_89.9806.png,15.83,84.15,0.02,0.0,0.0,0.0,0.0,0.0
23.9193_90.3394.png,0.84,81.47,0.0,13.8,0.0,0.0,3.88,0.0
24.0193_89.9894.png,46.79,50.91,0.75,0.68,0.85,0.02,0.0,0.0
24.0579_90.0659.png,12.88,86.47,0.13,0.0,0.0,0.0,0.51,0.0
23.9315_90.4158.png,52.86,43.63,3.05,0.01,0.3,0.15,0.0,0.0
23.8579_90.4692.png,18.18,59.9,5.04,5.68,2.06,1.2,7.94,0.0
24.1815_89.9192.png,42.59,57.1,0.29,0.02,0.0,0.0,0.0,0.0
24.1815_90.4692.png,54.59,42.27,2.64,0.02,0.47,0.0,0.0,0.0
23.8903_90.2692.png,64.91,14.77,17.77,0.03,1.38,0.07,1.07,0.0
23.7315_90.1807.png,6.7,92.66,0.01,0.0,0.39,0.0,0.25,0.0
24.2079_90.1570.png,73.64,26.32,0.03,0.0,0.0,0.0,0.0,0.0
23.7079_90.1693.png,37.15,62.71,0.02,0.02,0.07,0.0,0.03,0.0
23.7727_90.0571.png,4.32,88.63,0.0,3.35,1.64,1.4,0.67,0.0
23.9079_90.3159.png,28.76,8.5,57.32,2.26,1.56,1.06,0.54,0.0
24.0726_90.0394.png,41.97,56.37,0.9,0.0,0.0,0.0,0.76,0.0
23.9579_90.0571.png,57.44,41.1,1.22,0.07,0.17,0.0,0.0,0.0
24.1693_89.8982.png,60.73,35.92,3.06,0.01,0.27,0.02,0.0,0.0
23.9991_90.0070.png,29.25,70.34,0.3,0.08,0.03,0.0,0.0,0.0
23.9815_90.1158.png,50.29,49.1,0.44,0.0,0.16,0.0,0.01,0.0
24.1991_89.9395.png,56.64,41.16,2.16,0.0,0.0,0.04,0.0,0.0
24.1693_90.1895.png,64.35,35.33,0.02,0.0,0.21,0.08,0.0,0.0
23.8315_90.0306.png,61.84,36.07,1.15,0.01,0.87,0.06,0.0,0.0
24.1693_90.1070.png,15.41,76.27,1.18,0.06,0.27,0.32,6.48,0.0
23.7903_90.2692.png,23.15,11.67,61.23,0.5,1.57,1.73,0.14,0.0
24.0693_90.0394.png,50.04,48.85,1.1,0.0,0.0,0.0,0.0,0.0
23.7579_89.9894.png,39.74,60.09,0.1,0.0,0.01,0.0,0.07,0.0
23.8727_89.9158.png,36.41,59.35,0.07,0.15,3.97,0.06,0.0,0.0
23.6991_90.0894.png,6.91,92.28,0.1,0.56,0.0,0.09,0.07,0.0
24.0079_90.0192.png,42.78,55.6,0.41,0.0,1.16,0.0,0.04,0.0
23.8193_90.1658.png,43.18,55.91,0.9,0.0,0.01,0.0,0.0,0.0
23.6903_90.4658.png,22.98,8.9,54.88,8.58,1.24,3.43,0.01,0.0
23.9193_90.0894.png,19.91,49.51,8.05,1.28,16.33,4.29,0.65,0.0
23.8579_90.1807.png,15.45,80.98,0.33,0.0,3.21,0.03,0.0,0.0
23.7727_90.0982.png,31.32,68.15,0.08,0.0,0.43,0.0,0.02,0.0
24.0491_90.1983.png,57.23,38.19,2.41,0.69,0.51,0.03,0.95,0.0
23.9727_90.1895.png,50.18,47.58,2.18,0.0,0.0,0.0,0.06,0.0
23.9079_90.3394.png,0.8,61.83,0.0,33.16,1.73,0.0,2.48,0.0
23.7727_90.3394.png,9.1,17.12,25.64,25.23,13.9,8.82,0.19,0.0
24.2079_90.1895.png,91.56,8.12,0.13,0.0,0.18,0.0,0.0,0.0
24.2079_90.4658.png,50.96,46.93,1.33,0.0,0.75,0.03,0.0,0.0
23.6727_90.3394.png,38.3,53.24,7.59,0.0,0.86,0.01,0.0,0.0
23.8991_90.1070.png,50.14,45.31,0.85,0.13,3.24,0.3,0.02,0.0
23.7315_90.2306.png,36.05,63.28,0.27,0.01,0.4,0.0,0.0,0.0
23.7579_90.3894.png,7.78,0.19,91.1,0.02,0.06,0.84,0.0,0.0
23.7491_90.4570.png,36.18,26.94,28.09,1.02,5.94,1.78,0.06,0.0
24.0693_90.4482.png,74.17,25.6,0.03,0.0,0.18,0.01,0.0,0.0
24.2079_90.4070.png,79.47,15.8,4.32,0.0,0.41,0.0,0.0,0.0
24.0227_90.4658.png,75.28,24.6,0.12,0.0,0.0,0.0,0.0,0.0
24.1193_90.2894.png,60.75,26.36,0.18,7.85,1.23,1.67,1.96,0.0
24.1227_90.1693.png,50.45,25.81,9.44,3.45,2.8,5.87,2.18,0.0
24.0693_90.2982.png,57.54,32.3,2.09,3.49,0.88,1.96,1.74,0.0
23.8903_90.4158.png,13.25,5.32,75.88,3.9,1.37,0.25,0.03,0.0
23.9491_90.4394.png,55.64,41.35,1.82,0.15,0.25,0.3,0.47,0.02
23.9491_90.1693.png,55.12,43.12,0.66,0.07,0.17,0.08,0.78,0.0
23.9903_89.8982.png,19.92,79.62,0.32,0.03,0.01,0.0,0.11,0.0
24.1227_90.3982.png,76.26,13.19,10.49,0.0,0.02,0.03,0.0,0.0
23.8991_89.9483.png,40.53,58.81,0.36,0.0,0.24,0.02,0.04,0.0
23.9579_90.4306.png,54.9,43.51,1.38,0.06,0.14,0.0,0.0,0.0
24.1403_90.3159.png,70.64,20.89,0.37,4.13,0.28,1.9,1.78,0.0
23.7193_90.4192.png,15.66,0.26,82.44,0.14,0.31,1.18,0.0,0.0
23.6693_90.0394.png,27.94,70.9,0.53,0.04,0.18,0.02,0.39,0.0
23.9991_90.3570.png,31.83,61.31,4.87,0.36,0.35,0.35,0.93,0.0
23.7579_90.1693.png,54.19,43.92,1.89,0.0,0.0,0.0,0.0,0.0
23.8315_90.3394.png,11.61,49.33,4.91,15.4,4.19,4.88,9.67,0.0
23.8491_89.9806.png,51.29,37.98,0.25,7.53,2.6,0.06,0.3,0.0
24.0693_90.0982.png,22.65,76.38,0.53,0.21,0.0,0.2,0.02,0.0
23.7693_89.9483.png,33.87,65.98,0.04,0.0,0.11,0.01,0.0,0.0
24.0693_90.1983.png,29.21,69.39,0.75,0.08,0.18,0.31,0.09,0.0
24.1403_89.9692.png,37.92,61.67,0.41,0.0,0.0,0.0,0.0,0.0
23.6903_90.3982.png,20.14,6.42,68.34,0.02,4.34,0.74,0.0,0.0
23.8815_90.0659.png,56.0,42.27,1.55,0.01,0.16,0.02,0.0,0.0
23.8991_90.4570.png,12.0,81.53,0.11,3.16,1.01,1.58,0.6,0.0
23.8193_90.2192.png,25.92,73.85,0.13,0.0,0.01,0.0,0.1,0.0
24.1315_89.9571.png,53.39,44.62,0.67,1.3,0.01,0.0,0.01,0.0
23.7903_90.1983.png,14.92,84.63,0.31,0.0,0.14,0.0,0.0,0.0
23.6991_90.3482.png,20.53,37.31,13.27,0.16,19.64,9.09,0.0,0.0
24.1903_90.4658.png,69.66,23.9,4.84,0.0,0.7,0.91,0.0,0.0
23.7193_90.3159.png,29.73,59.06,3.12,0.0,6.92,1.12,0.05,0.0
24.0079_90.0894.png,45.93,53.03,0.06,0.0,0.81,0.0,0.17,0.0
23.8903_90.1895.png,32.78,65.44,1.04,0.0,0.64,0.1,0.0,0.0
23.6693_90.3159.png,39.34,55.8,1.18,0.0,3.68,0.0,0.01,0.0
23.6991_90.0806.png,39.91,59.38,0.54,0.07,0.1,0.0,0.0,0.0
24.1491_90.1070.png,14.36,83.73,0.36,0.0,0.01,0.0,1.54,0.0
23.6903_90.4692.png,22.28,8.97,54.6,8.44,1.97,3.74,0.01,0.0
23.9727_90.3482.png,31.6,60.8,3.33,0.58,2.57,0.11,1.0,0.0
23.8079_90.1192.png,42.19,53.65,2.79,0.51,0.52,0.34,0.0,0.0
23.9579_90.4192.png,54.23,38.19,6.73,0.0,0.72,0.13,0.0,0.0
24.1227_90.1306.png,37.28,61.62,0.45,0.0,0.01,0.02,0.62,0.0
23.9079_89.9483.png,27.74,66.6,0.65,4.37,0.13,0.36,0.15,0.0
23.7315_90.0306.png,17.41,78.28,0.06,0.07,0.0,0.0,4.18,0.0
23.7903_89.9982.png,0.76,99.24,0.0,0.0,0.0,0.0,0.0,0.0
24.1815_90.2159.png,72.08,27.85,0.02,0.0,0.06,0.0,0.0,0.0
24.1991_90.3306.png,58.25,41.19,0.0,0.0,0.56,0.0,0.0,0.0
24.1227_89.9483.png,27.0,72.8,0.12,0.0,0.02,0.0,0.06,0.0
24.2079_89.9806.png,42.64,49.8,5.61,0.2,0.03,0.15,1.57,0.0
23.7727_90.1070.png,31.78,68.04,0.17,0.0,0.01,0.0,0.01,0.0
24.0815_89.9894.png,50.24,49.37,0.32,0.01,0.02,0.03,0.02,0.0
23.7403_90.0192.png,10.34,81.82,0.04,0.0,0.0,0.0,7.8,0.0
23.8815_90.3482.png,9.08,63.08,2.91,16.52,0.89,2.58,4.94,0.0
24.1079_89.9894.png,23.57,75.41,0.08,0.0,0.06,0.0,0.88,0.0
24.1727_90.2982.png,76.92,22.16,0.11,0.04,0.59,0.15,0.02,0.0
23.9315_89.8894.png,26.41,73.52,0.05,0.0,0.0,0.0,0.02,0.0
23.9903_90.2394.png,65.91,12.45,20.99,0.01,0.46,0.18,0.0,0.0
24.0079_90.0806.png,35.18,62.05,1.04,0.0,1.43,0.09,0.2,0.0
23.9079_90.4570.png,56.57,42.92,0.38,0.0,0.0,0.0,0.13,0.0
23.7727_90.1570.png,52.53,46.86,0.61,0.0,0.0,0.0,0.0,0.0
23.7193_90.0982.png,62.4,37.19,0.38,0.0,0.0,0.0,0.03,0.0
23.8693_89.9395.png,35.13,55.13,0.52,7.5,1.57,0.15,0.0,0.0
24.1193_89.9192.png,30.13,69.39,0.46,0.0,0.01,0.0,0.01,0.0
23.8403_90.4394.png,39.6,24.24,11.89,3.08,17.85,1.01,2.33,0.0
24.1315_90.2159.png,40.71,56.57,0.22,0.01,0.29,0.04,2.15,0.0
23.9227_89.8982.png,40.21,59.63,0.06,0.05,0.02,0.0,0.03,0.0
24.1079_90.3482.png,11.52,79.09,0.46,3.09,1.47,1.82,2.55,0.0
23.9579_90.1306.png,20.09,78.31,0.07,0.0,1.54,0.0,0.0,0.0
23.8579_89.9659.png,48.01,37.32,4.13,8.32,1.29,0.54,0.39,0.0
23.9903_89.9483.png,27.5,63.56,0.01,4.82,3.75,0.36,0.0,0.0
23.8693_90.0070.png,32.99,48.45,14.62,1.63,1.56,0.71,0.03,0.0
23.8079_90.2894.png,42.73,33.27,17.33,5.96,0.41,0.12,0.17,0.01
23.8403_90.1158.png,44.91,55.01,0.04,0.0,0.03,0.0,0.0,0.0
23.8991_90.0982.png,45.34,53.47,0.44,0.52,0.22,0.0,0.01,0.0
24.1815_89.9307.png,20.95,78.96,0.03,0.0,0.0,0.0,0.06,0.0
23.8193_90.2159.png,24.01,74.9,0.44,0.0,0.0,0.0,0.64,0.0
23.9579_90.3806.png,16.72,2.05,80.2,0.31,0.27,0.45,0.0,0.0
24.0079_90.0070.png,30.82,68.72,0.46,0.0,0.0,0.0,0.0,0.0
23.9693_90.4658.png,22.62,69.72,0.38,0.0,0.01,0.0,7.27,0.0
23.9079_90.3658.png,29.39,42.85,11.42,0.59,12.08,3.45,0.22,0.0
23.7693_90.3306.png,1.89,32.52,1.71,24.17,27.89,11.04,0.78,0.0
23.9815_89.9158.png,39.17,59.69,0.95,0.0,0.19,0.0,0.0,0.0
